8 8 8 8 8 8 8 8 8 8 8 8 8 8 8 8 8 8 8 8
8 8 8 8 8 8 8 8 8 8 8 8 8 8 8 8 8 8 8 8
8 8 8 8 8 8 8 8 8 8 8 8 8 8 8 8 8 8 8 8
8 8 8 8 8 8 8 8 8 8 8 8 8 8 8 8 8 8 8 8
8 8 8 8 8 8 8 8 8 8 8 8 8 8 8 8 8 8 8 8
8 8 8 8 8 8 8 8 8 8 8 8 8 8 8 8 8 8 8 8
8 8 8 8 8 8 8 8 8 8 8 8 8 8 8 8 8 8 8 8
8 8 8 8 8 8 8 8 8 8 8 8 8 8 8 8 8 8 8 8
8 8 8 8 8 8 8 8 8 8 8 8 8 8 8 8 8 8 8 8
8 8 8 8 8 8 8 8 8 8 8 8 8 8 8 8 8 8 8 8
8 8 8 8 8 8 8 8 8 8 8 8 8 8 8 8 8 8 8 8
8 8 8 8 8 8 8 8 8 8 8 8 8 8 8 8 8 8 8 8
8 8 8 8 8 8 8 8 1 8 4 8 1 8 8 1 8 8 8 8
8 8 8 8 8 8 8 8 1 8 8 8 8 8 8 8 8 8 8 8
8 8 8 1 8 8 8 8 1 8 8 8 8 8 8 8 8 8 8 8
8 8 1 8 1 8 8 8 1 8 8 8 8 8 8 8 8 8 8 8
8 1 8 8 8 1 8 8 1 8 8 8 8 8 8 8 8 8 8 8
1 8 8 8 8 8 1 8 1 8 8 8 8 8 8 8 8 8 8 8
1 8 8 9 8 8 4 8 1 8 8 8 8 8 8 8 8 8 8 8
1 1 1 1 1 1 1 1 1 8 8 8 8 8 8 8 8 8 7 8